v3.0 hex words plain
11c8000 500 1008000 160 1050000 160 3e00000 4c 7000000 18008000 52 1c000000 2 7000000 18008000 a 1d000000 17 8200000 3e00000 46 1b000000 d 3e98000 1088000 0 1048000 0 
1008000 0 1b000000 2 0 0 0 0 0 0 0 0 0 0 0 0 0 0 0 0 
1008000 177 1050000 177 3e00000 4c 7000000 18008000 a 1d000000 3f 3e00000 46 1b000000 36 1008000 182 1050000 182 3e00000 4c 4e00000 11048000 30 12088000 a 
10468000 4e00000 2050000 ffffffff 10008000 1 1218000 18048000 0 1c000000 4c 4e00000 0 0 0 0 0 0 0 0 0 0 
0 0 0 0 0 0 0 0 0 0 0 0 0 0 0 0 
0 0 0 0 0 0 0 0 0 0 0 0 0 0 0 0 
0 0 0 0 0 0 0 0 0 0 0 0 0 0 0 0 
0 0 0 0 0 0 0 0 0 0 0 0 0 0 0 0 
0 0 0 0 0 0 0 0 0 0 0 0 0 0 0 0 
0 0 0 0 0 0 0 0 0 0 0 0 0 0 0 0 
0 0 0 0 0 0 0 0 0 0 0 0 0 0 0 0 
0 0 0 0 0 0 0 0 0 0 0 0 0 0 0 0 
0 0 0 0 0 0 0 0 0 0 0 0 0 0 0 0 
0 0 0 0 0 0 0 0 0 0 0 0 0 0 0 0 
0 0 0 0 0 0 0 0 0 0 0 0 0 0 0 0 
0 0 0 0 0 0 0 0 0 0 0 0 0 0 0 0 
0 0 0 0 0 0 0 0 0 0 0 0 0 0 0 0 
0 0 0 0 0 0 0 0 0 0 0 0 0 0 0 0 
0 0 0 0 0 0 0 0 0 0 0 0 0 0 0 0 
1010000 fffffff7 2010000 ffffffff 4e00000 0 0 0 0 0 0 0 0 0 0 0 
44 45 4e 49 5a 
20 41 4e 41 53 49 20 21 20 4f 53 20 76 30 2e 31 
a 0 73 61 76 65 20 73 79 73 74 65 6d 0 45 58 
49 54 0 